    1	2021-12-18 09:26:27	1	0	0	0
    1	2021-12-18 09:26:41	1	1	0	0
    1	2021-12-18 09:27:07	1	0	0	0
    1	2021-12-18 09:27:13	1	1	0	0
    4	2021-12-18 20:03:01	1	0	0	0
    5	2021-12-29 09:01:22	1	0	0	0
    6	2021-12-29 09:32:29	1	0	0	0
    8	2021-12-29 10:06:26	1	0	0	0
    8	2021-12-29 10:06:27	1	0	0	0
    7	2021-12-29 10:25:04	1	0	0	0
    9	2021-12-29 10:32:15	1	0	0	0
   10	2021-12-29 10:41:05	1	0	0	0
    7	2021-12-29 18:30:17	1	0	0	0
    9	2021-12-29 18:31:43	1	0	0	0
   10	2021-12-29 18:46:21	1	0	0	0
    5	2021-12-29 18:49:47	1	0	0	0
    5	2021-12-30 08:24:41	1	0	0	0
    4	2021-12-30 09:28:23	1	0	0	0
    6	2021-12-30 09:33:19	1	0	0	0
    7	2021-12-30 10:32:22	1	0	0	0
    9	2021-12-30 10:34:42	1	0	0	0
    8	2021-12-30 10:37:44	1	0	0	0
   10	2021-12-30 10:45:18	1	0	0	0
    8	2021-12-30 18:16:23	1	0	0	0
    9	2021-12-30 18:24:40	1	0	0	0
    7	2021-12-30 18:26:44	1	0	0	0
    6	2021-12-30 18:26:48	1	0	0	0
   10	2021-12-30 18:36:01	1	0	0	0
    5	2021-12-31 08:56:09	1	0	0	0
    6	2021-12-31 09:36:10	1	0	0	0
    9	2021-12-31 09:54:49	1	0	0	0
    9	2021-12-31 09:54:58	1	0	0	0
    1	2021-12-31 10:15:27	1	0	0	0
    7	2021-12-31 10:23:26	1	0	0	0
    8	2021-12-31 10:25:21	1	0	0	0
    1	2021-12-31 10:53:50	1	0	0	0
    1	2021-12-31 10:53:58	1	1	0	0
   14	2021-12-31 10:54:11	1	0	0	0
   15	2021-12-31 13:25:17	1	1	0	0
    9	2021-12-31 18:16:18	1	0	0	0
    9	2021-12-31 18:17:00	1	0	0	0
    7	2021-12-31 18:23:51	1	0	0	0
    6	2021-12-31 18:25:06	1	0	0	0
    5	2021-12-31 18:39:16	1	0	0	0
   17	2021-12-31 18:41:04	1	0	0	0
   17	2021-12-31 18:41:13	1	1	0	0
    2	2021-12-31 18:42:38	1	0	0	0
   10	2021-12-31 18:46:57	1	0	0	0
   13	2021-12-31 19:07:11	1	1	0	0
    5	2022-01-01 08:13:57	1	0	0	0
    3	2022-01-01 08:42:37	1	0	0	0
    1	2022-01-01 08:42:52	1	0	0	0
    4	2022-01-01 09:32:32	1	0	0	0
   11	2022-01-01 09:33:31	1	0	0	0
    8	2022-01-01 10:20:48	1	0	0	0
    8	2022-01-01 10:21:09	1	0	0	0
    9	2022-01-01 10:27:05	1	0	0	0
   13	2022-01-01 10:29:56	1	0	0	0
    7	2022-01-01 10:33:55	1	0	0	0
    6	2022-01-01 10:40:04	1	0	0	0
   10	2022-01-01 10:59:21	1	0	0	0
    8	2022-01-01 17:23:06	1	1	0	0
   13	2022-01-01 17:26:47	1	0	0	0
    9	2022-01-01 17:49:56	1	1	0	0
    7	2022-01-01 17:57:53	1	0	0	0
    4	2022-01-01 17:58:04	1	0	0	0
    5	2022-01-03 08:07:43	1	0	0	0
    6	2022-01-03 09:25:22	1	0	0	0
    4	2022-01-03 09:25:43	1	0	0	0
   13	2022-01-03 10:37:15	1	0	0	0
   10	2022-01-03 10:44:26	1	0	0	0
    9	2022-01-03 10:46:30	1	0	0	0
    7	2022-01-03 10:56:51	1	0	0	0
   16	2022-01-03 12:35:52	1	0	0	0
   15	2022-01-03 12:36:10	1	0	0	0
   14	2022-01-03 12:37:08	1	0	0	0
   16	2022-01-03 13:43:24	1	0	0	0
   15	2022-01-03 14:19:55	1	1	0	0
    5	2022-01-03 18:12:19	1	1	0	0
    9	2022-01-03 18:24:51	1	1	0	0
    7	2022-01-03 18:31:30	1	0	0	0
    6	2022-01-03 18:31:34	1	0	0	0
   10	2022-01-03 18:48:42	1	1	0	0
    4	2022-01-03 19:08:07	1	0	0	0
   13	2022-01-03 19:17:47	1	0	0	0
    5	2022-01-04 08:25:06	1	0	0	0
    4	2022-01-04 09:17:14	1	0	0	0
    6	2022-01-04 09:25:30	1	0	0	0
    8	2022-01-04 10:06:23	1	0	0	0
   13	2022-01-04 10:20:01	1	0	0	0
    7	2022-01-04 10:20:18	1	0	0	0
   10	2022-01-04 10:41:09	1	0	0	0
    9	2022-01-04 10:43:40	1	0	0	0
   15	2022-01-04 12:13:01	1	0	0	0
    1	2022-01-04 13:10:19	1	0	0	0
    1	2022-01-04 13:10:26	1	1	0	0
   15	2022-01-04 13:47:18	1	1	0	0
    1	2022-01-04 14:16:57	1	0	0	0
    1	2022-01-04 14:17:08	1	1	0	0
    5	2022-01-04 18:09:19	1	1	0	0
    8	2022-01-04 18:15:35	1	1	0	0
    9	2022-01-04 18:21:42	1	1	0	0
    7	2022-01-04 18:29:25	1	0	0	0
    6	2022-01-04 18:29:49	1	0	0	0
   10	2022-01-04 18:48:13	1	1	0	0
   13	2022-01-04 19:01:21	1	0	0	0
    5	2022-01-05 08:16:43	1	0	0	0
    4	2022-01-05 09:22:03	1	0	0	0
   18	2022-01-05 09:29:46	1	0	0	0
    6	2022-01-05 09:39:50	1	0	0	0
   13	2022-01-05 10:21:51	1	0	0	0
    7	2022-01-05 10:23:30	1	0	0	0
    8	2022-01-05 10:26:33	1	0	0	0
    9	2022-01-05 10:32:41	1	0	0	0
   14	2022-01-05 10:41:05	1	0	0	0
   10	2022-01-05 10:44:34	1	0	0	0
   12	2022-01-05 11:27:44	1	0	0	0
   16	2022-01-05 12:25:09	1	0	0	0
   15	2022-01-05 12:25:21	1	0	0	0
   14	2022-01-05 13:38:03	1	0	0	0
   12	2022-01-05 13:39:29	1	0	0	0
   16	2022-01-05 14:24:26	1	0	0	0
    8	2022-01-05 15:12:13	1	1	0	0
   18	2022-01-05 16:34:59	1	0	0	0
    5	2022-01-05 18:10:21	1	1	0	0
   17	2022-01-05 18:12:38	1	0	0	0
    6	2022-01-05 18:17:32	1	0	0	0
    7	2022-01-05 18:20:07	1	0	0	0
    9	2022-01-05 18:32:36	1	1	0	0
   10	2022-01-05 18:44:42	1	1	0	0
   17	2022-01-05 19:00:35	1	1	0	0
   13	2022-01-05 19:01:02	1	0	0	0
    4	2022-01-05 19:01:18	1	1	0	0
    5	2022-01-06 08:09:34	1	0	0	0
   11	2022-01-06 08:51:48	1	0	0	0
    4	2022-01-06 09:19:04	1	0	0	0
   18	2022-01-06 09:23:02	1	0	0	0
    6	2022-01-06 09:32:06	1	0	0	0
   13	2022-01-06 09:33:02	1	0	0	0
    8	2022-01-06 10:10:45	1	0	0	0
    7	2022-01-06 10:25:21	1	0	0	0
   14	2022-01-06 10:32:02	1	0	0	0
    9	2022-01-06 10:40:00	1	0	0	0
   10	2022-01-06 10:40:12	1	0	0	0
   10	2022-01-06 10:40:14	1	0	0	0
   11	2022-01-06 11:05:34	1	1	0	0
   11	2022-01-06 11:05:36	1	1	0	0
   12	2022-01-06 11:13:52	1	0	0	0
   15	2022-01-06 12:29:06	1	0	0	0
   16	2022-01-06 12:56:25	1	0	0	0
   12	2022-01-06 13:10:54	1	0	0	0
   19	2022-01-06 13:15:18	1	0	0	0
   14	2022-01-06 13:49:04	1	0	0	0
   18	2022-01-06 14:17:54	1	0	0	0
   16	2022-01-06 14:50:47	1	0	0	0
   18	2022-01-06 14:58:57	1	0	0	0
   19	2022-01-06 15:12:46	1	0	0	0
   18	2022-01-06 16:18:01	1	0	0	0
    8	2022-01-06 18:10:53	1	1	0	0
    5	2022-01-06 18:11:32	1	0	0	0
    7	2022-01-06 18:27:49	1	0	0	0
    6	2022-01-06 18:28:08	1	0	0	0
    9	2022-01-06 18:37:18	1	1	0	0
   10	2022-01-06 18:39:25	1	1	0	0
    4	2022-01-06 18:45:39	1	0	0	0
    5	2022-01-07 08:23:02	1	0	0	0
   11	2022-01-07 09:01:41	1	0	0	0
    4	2022-01-07 09:21:00	1	0	0	0
    6	2022-01-07 09:29:54	1	0	0	0
   18	2022-01-07 09:43:09	1	0	0	0
   14	2022-01-07 10:06:55	1	0	0	0
    8	2022-01-07 10:18:19	1	0	0	0
   13	2022-01-07 10:25:42	1	0	0	0
    7	2022-01-07 10:31:43	1	0	0	0
    9	2022-01-07 10:39:08	1	0	0	0
   10	2022-01-07 10:41:59	1	0	0	0
   11	2022-01-07 11:01:43	1	0	0	0
   12	2022-01-07 11:33:55	1	0	0	0
   15	2022-01-07 12:26:27	1	0	0	0
   16	2022-01-07 12:41:24	1	0	0	0
   14	2022-01-07 13:17:33	1	0	0	0
   12	2022-01-07 13:29:41	1	0	0	0
   11	2022-01-07 13:31:41	1	1	0	0
   19	2022-01-07 13:34:19	1	0	0	0
   15	2022-01-07 14:14:08	1	1	0	0
   19	2022-01-07 14:52:39	1	0	0	0
   16	2022-01-07 15:20:34	1	0	0	0
   18	2022-01-07 16:57:40	1	0	0	0
    8	2022-01-07 18:23:22	1	1	0	0
    6	2022-01-07 18:32:56	1	0	0	0
    7	2022-01-07 18:33:10	1	0	0	0
    9	2022-01-07 18:39:28	1	1	0	0
   17	2022-01-07 18:39:59	1	0	0	0
   17	2022-01-07 18:40:26	1	0	0	0
   13	2022-01-07 18:40:56	1	0	0	0
   10	2022-01-07 18:46:55	1	0	0	0
    5	2022-01-07 18:48:28	1	1	0	0
    5	2022-01-09 09:02:11	1	0	0	0
    5	2022-01-10 08:40:22	1	0	0	0
    4	2022-01-10 09:21:22	1	0	0	0
    6	2022-01-10 09:45:40	1	0	0	0
   18	2022-01-10 09:50:24	1	0	0	0
   13	2022-01-10 10:18:54	1	0	0	0
    7	2022-01-10 10:19:04	1	0	0	0
    8	2022-01-10 10:21:15	1	0	0	0
   10	2022-01-10 10:38:19	1	0	0	0
    9	2022-01-10 10:40:12	1	0	0	0
   16	2022-01-10 10:54:32	1	0	0	0
   16	2022-01-10 12:10:23	1	0	0	0
   14	2022-01-10 12:10:43	1	0	0	0
   15	2022-01-10 12:17:16	1	0	0	0
   19	2022-01-10 13:30:43	1	0	0	0
   18	2022-01-10 14:14:59	1	1	0	0
   18	2022-01-10 15:14:59	1	0	0	0
   11	2022-01-10 15:17:31	1	0	0	0
   18	2022-01-10 17:13:34	1	1	0	0
   18	2022-01-10 17:13:36	1	1	0	0
    5	2022-01-10 18:15:01	1	0	0	0
    8	2022-01-10 18:19:05	1	1	0	0
    6	2022-01-10 18:20:55	1	0	0	0
    7	2022-01-10 18:21:02	1	0	0	0
    9	2022-01-10 18:26:38	1	1	0	0
   10	2022-01-10 18:41:57	1	1	0	0
    4	2022-01-10 18:45:01	1	1	0	0
   13	2022-01-10 18:49:51	1	0	0	0
   17	2022-01-10 18:51:55	1	0	0	0
   17	2022-01-10 18:52:15	1	0	0	0
    5	2022-01-11 08:28:56	1	0	0	0
    4	2022-01-11 09:27:27	1	0	0	0
   18	2022-01-11 10:06:54	1	0	0	0
    6	2022-01-11 10:12:04	1	0	0	0
    8	2022-01-11 10:16:40	1	0	0	0
    7	2022-01-11 10:20:58	1	0	0	0
   13	2022-01-11 10:22:00	1	0	0	0
    9	2022-01-11 10:32:45	1	0	0	0
   10	2022-01-11 10:41:40	1	0	0	0
   18	2022-01-11 17:26:20	1	1	0	0
    5	2022-01-11 17:58:03	1	0	0	0
    9	2022-01-11 18:37:56	1	1	0	0
    6	2022-01-11 18:38:55	1	0	0	0
    7	2022-01-11 18:39:01	1	0	0	0
    8	2022-01-11 18:41:59	1	1	0	0
   13	2022-01-11 18:56:48	1	0	0	0
   10	2022-01-11 18:57:39	1	1	0	0
    4	2022-01-11 19:04:52	1	1	0	0
    5	2022-01-12 08:15:47	1	0	0	0
    4	2022-01-12 09:29:50	1	0	0	0
    6	2022-01-12 09:41:51	1	0	0	0
   18	2022-01-12 10:06:45	1	0	0	0
    7	2022-01-12 10:27:00	1	0	0	0
    9	2022-01-12 10:33:40	1	0	0	0
   13	2022-01-12 10:41:06	1	0	0	0
   10	2022-01-12 10:41:22	1	0	0	0
    8	2022-01-12 10:46:53	1	0	0	0
   18	2022-01-12 13:38:00	1	1	0	0
   18	2022-01-12 14:44:02	1	1	0	0
   18	2022-01-12 16:18:26	1	1	0	0
   17	2022-01-12 17:46:16	1	0	0	0
    8	2022-01-12 18:20:52	1	1	0	0
   13	2022-01-12 18:31:55	1	0	0	0
    7	2022-01-12 18:34:48	1	0	0	0
    6	2022-01-12 18:35:53	1	0	0	0
   10	2022-01-12 18:36:23	1	1	0	0
    5	2022-01-12 18:42:53	1	1	0	0
   17	2022-01-12 18:44:25	1	1	0	0
    9	2022-01-12 18:48:17	1	1	0	0
    5	2022-01-13 08:40:07	1	0	0	0
    6	2022-01-13 09:38:26	1	0	0	0
   18	2022-01-13 09:47:20	1	0	0	0
   13	2022-01-13 10:21:48	1	0	0	0
    7	2022-01-13 10:23:20	1	0	0	0
    9	2022-01-13 10:40:38	1	0	0	0
    9	2022-01-13 10:40:47	1	0	0	0
   10	2022-01-13 10:45:09	1	0	0	0
    8	2022-01-13 10:46:27	1	0	0	0
   18	2022-01-13 15:36:22	1	1	0	0
    4	2022-01-13 17:49:57	1	1	0	0
    9	2022-01-13 18:31:47	1	1	0	0
    8	2022-01-13 18:32:44	1	1	0	0
    7	2022-01-13 18:33:08	1	0	0	0
    6	2022-01-13 18:33:13	1	0	0	0
    5	2022-01-13 18:37:40	1	1	0	0
   13	2022-01-13 18:45:45	1	0	0	0
    5	2022-01-14 09:34:16	1	0	0	0
    5	2022-01-14 17:32:44	1	1	0	0
    4	2022-01-15 11:08:34	1	0	0	0
    9	2022-01-15 11:08:44	1	0	0	0
    5	2022-01-15 19:11:05	1	1	0	0
    4	2022-01-15 20:09:01	1	0	0	0
    5	2022-01-16 15:33:57	1	0	0	0
    4	2022-01-16 20:46:05	1	0	0	0
    5	2022-01-17 08:23:51	1	0	0	0
    6	2022-01-17 09:35:47	1	0	0	0
    4	2022-01-17 09:45:21	1	0	0	0
   18	2022-01-17 09:45:50	1	0	0	0
   13	2022-01-17 10:23:23	1	0	0	0
    7	2022-01-17 10:26:42	1	0	0	0
    9	2022-01-17 10:43:19	1	0	0	0
   14	2022-01-17 10:46:02	1	0	0	0
   15	2022-01-17 12:14:42	1	0	0	0
   16	2022-01-17 12:25:45	1	0	0	0
   18	2022-01-17 13:07:50	1	1	0	0
   14	2022-01-17 13:40:56	1	0	0	0
   10	2022-01-17 14:13:58	1	0	0	0
   16	2022-01-17 14:30:15	1	0	0	0
   18	2022-01-17 14:53:28	1	0	0	0
   18	2022-01-17 16:47:16	1	1	0	0
   18	2022-01-17 16:47:22	1	1	0	0
   17	2022-01-17 17:27:58	1	0	0	0
    7	2022-01-17 18:14:15	1	0	0	0
    6	2022-01-17 18:19:57	1	0	0	0
    9	2022-01-17 18:36:21	1	1	0	0
   10	2022-01-17 18:50:55	1	1	0	0
   13	2022-01-17 18:58:11	1	0	0	0
    4	2022-01-17 19:11:19	1	1	0	0
    5	2022-01-18 08:16:23	1	0	0	0
    4	2022-01-18 09:29:48	1	0	0	0
   18	2022-01-18 09:33:45	1	0	0	0
    6	2022-01-18 09:45:11	1	0	0	0
    8	2022-01-18 10:14:13	1	0	0	0
   13	2022-01-18 10:20:28	1	0	0	0
    7	2022-01-18 10:30:36	1	0	0	0
   14	2022-01-18 10:37:15	1	0	0	0
    9	2022-01-18 10:38:53	1	0	0	0
   10	2022-01-18 10:45:39	1	0	0	0
   15	2022-01-18 12:17:37	1	0	0	0
   16	2022-01-18 12:29:34	1	0	0	0
   14	2022-01-18 13:57:34	1	0	0	0
   18	2022-01-18 14:00:00	1	1	0	0
   15	2022-01-18 14:09:48	1	1	0	0
   16	2022-01-18 14:19:27	1	0	0	0
   18	2022-01-18 14:34:26	1	0	0	0
   18	2022-01-18 16:32:07	1	1	0	0
    5	2022-01-18 18:02:53	1	0	0	0
    8	2022-01-18 18:21:52	1	1	0	0
    6	2022-01-18 18:33:04	1	0	0	0
    7	2022-01-18 18:33:14	1	0	0	0
   13	2022-01-18 18:34:28	1	0	0	0
    9	2022-01-18 18:42:50	1	1	0	0
   10	2022-01-18 18:44:14	1	1	0	0
    4	2022-01-18 18:51:28	1	1	0	0
    5	2022-01-19 08:15:40	1	0	0	0
    4	2022-01-19 09:12:04	1	0	0	0
    6	2022-01-19 09:51:15	1	0	0	0
    8	2022-01-19 10:12:45	1	0	0	0
   14	2022-01-19 10:18:06	1	0	0	0
    7	2022-01-19 10:18:30	1	0	0	0
   13	2022-01-19 10:21:26	1	0	0	0
   18	2022-01-19 10:36:24	1	0	0	0
    9	2022-01-19 10:36:57	1	0	0	0
   10	2022-01-19 10:39:55	1	0	0	0
   16	2022-01-19 12:24:11	1	0	0	0
   15	2022-01-19 12:26:00	1	0	0	0
   14	2022-01-19 13:29:01	1	0	0	0
   18	2022-01-19 14:09:20	1	1	0	0
   16	2022-01-19 14:19:13	1	0	0	0
   18	2022-01-19 15:07:03	1	0	0	0
   18	2022-01-19 16:25:43	1	1	0	0
   17	2022-01-19 17:50:11	1	0	0	0
    7	2022-01-19 18:05:48	1	0	0	0
    8	2022-01-19 18:19:03	1	1	0	0
    6	2022-01-19 18:19:18	1	0	0	0
    9	2022-01-19 18:26:25	1	1	0	0
   10	2022-01-19 18:35:59	1	0	0	0
   13	2022-01-19 18:36:21	1	0	0	0
   17	2022-01-19 18:37:08	1	0	0	0
    5	2022-01-19 18:37:18	1	1	0	0
    5	2022-01-20 08:33:13	1	0	0	0
   11	2022-01-20 08:52:24	1	0	0	0
    6	2022-01-20 09:16:54	1	0	0	0
    4	2022-01-20 09:21:29	1	0	0	0
   14	2022-01-20 10:13:45	1	0	0	0
   13	2022-01-20 10:19:34	1	0	0	0
    9	2022-01-20 10:22:27	1	0	0	0
    8	2022-01-20 10:27:54	1	0	0	0
   10	2022-01-20 10:45:52	1	0	0	0
   15	2022-01-20 12:32:23	1	0	0	0
   16	2022-01-20 13:11:54	1	0	0	0
   14	2022-01-20 13:44:22	1	0	0	0
   16	2022-01-20 14:08:19	1	0	0	0
   11	2022-01-20 15:16:17	1	0	0	0
    8	2022-01-20 18:23:46	1	1	0	0
    9	2022-01-20 18:33:20	1	1	0	0
    6	2022-01-20 18:35:45	1	0	0	0
   10	2022-01-20 18:38:42	1	1	0	0
   13	2022-01-20 18:41:41	1	0	0	0
    5	2022-01-20 18:41:52	1	0	0	0
    4	2022-01-20 18:43:26	1	0	0	0
    5	2022-01-21 08:18:36	1	0	0	0
   11	2022-01-21 08:56:52	1	0	0	0
    4	2022-01-21 09:22:58	1	0	0	0
   14	2022-01-21 09:51:13	1	0	0	0
    8	2022-01-21 10:16:28	1	0	0	0
    6	2022-01-21 10:16:46	1	0	0	0
   13	2022-01-21 10:20:07	1	0	0	0
   18	2022-01-21 10:22:31	1	0	0	0
    7	2022-01-21 10:32:48	1	0	0	0
    9	2022-01-21 10:34:38	1	0	0	0
   10	2022-01-21 10:39:59	1	0	0	0
   16	2022-01-21 12:25:48	1	0	0	0
   15	2022-01-21 12:26:09	1	0	0	0
   14	2022-01-21 13:34:41	1	0	0	0
   16	2022-01-21 14:21:07	1	0	0	0
   18	2022-01-21 15:59:07	1	1	0	0
   11	2022-01-21 16:44:33	1	1	0	0
   17	2022-01-21 17:37:29	1	0	0	0
    5	2022-01-21 18:09:11	1	0	0	0
    9	2022-01-21 18:40:17	1	1	0	0
    7	2022-01-21 18:42:25	1	0	0	0
    6	2022-01-21 18:42:31	1	0	0	0
   17	2022-01-21 18:50:22	1	1	0	0
   10	2022-01-21 18:53:19	1	1	0	0
   13	2022-01-21 18:56:16	1	0	0	0
    4	2022-01-21 18:56:34	1	1	0	0
    5	2022-01-22 08:22:53	1	0	0	0
   11	2022-01-22 08:45:51	1	0	0	0
    4	2022-01-22 09:28:45	1	0	0	0
    6	2022-01-22 09:46:44	1	0	0	0
   18	2022-01-22 10:13:59	1	0	0	0
   14	2022-01-22 10:16:46	1	0	0	0
    8	2022-01-22 10:22:38	1	0	0	0
   13	2022-01-22 10:27:05	1	0	0	0
    7	2022-01-22 10:28:07	1	0	0	0
    9	2022-01-22 10:31:57	1	0	0	0
   10	2022-01-22 10:45:21	1	0	0	0
   15	2022-01-22 12:23:51	1	0	0	0
   16	2022-01-22 12:31:15	1	0	0	0
   14	2022-01-22 12:38:23	1	0	0	0
   16	2022-01-22 13:46:06	1	0	0	0
   18	2022-01-22 14:26:05	1	1	0	0
   18	2022-01-22 15:11:53	1	0	0	0
   18	2022-01-22 16:18:31	1	1	0	0
    8	2022-01-22 18:12:34	1	1	0	0
    5	2022-01-22 18:16:09	1	0	0	0
    9	2022-01-22 18:25:04	1	1	0	0
   13	2022-01-22 18:42:43	1	0	0	0
   10	2022-01-22 18:47:17	1	1	0	0
    7	2022-01-22 18:47:27	1	1	0	0
    6	2022-01-22 18:47:55	1	0	0	0
    4	2022-01-22 18:59:25	1	0	0	0
    5	2022-01-24 08:19:34	1	0	0	0
    4	2022-01-24 09:31:12	1	0	0	0
    8	2022-01-24 09:43:46	1	0	0	0
    6	2022-01-24 09:49:28	1	0	0	0
   13	2022-01-24 10:19:42	1	0	0	0
    7	2022-01-24 10:23:42	1	0	0	0
   14	2022-01-24 10:33:15	1	0	0	0
    9	2022-01-24 10:38:58	1	0	0	0
   10	2022-01-24 10:42:40	1	0	0	0
   18	2022-01-24 11:08:24	1	0	0	0
   16	2022-01-24 12:21:32	1	0	0	0
   15	2022-01-24 12:26:09	1	0	0	0
   19	2022-01-24 13:13:08	1	0	0	0
   16	2022-01-24 13:16:38	1	0	0	0
   16	2022-01-24 13:16:45	1	0	0	0
   14	2022-01-24 13:41:41	1	0	0	0
   19	2022-01-24 14:19:04	1	1	0	0
   18	2022-01-24 14:57:18	1	1	0	0
   11	2022-01-24 15:10:38	1	0	0	0
   18	2022-01-24 15:28:59	1	0	0	0
   18	2022-01-24 16:39:49	1	1	0	0
    7	2022-01-24 18:20:27	1	0	0	0
    6	2022-01-24 18:23:35	1	0	0	0
    5	2022-01-24 18:27:17	1	0	0	0
    9	2022-01-24 18:29:43	1	1	0	0
    8	2022-01-24 18:34:57	1	1	0	0
   10	2022-01-24 18:45:31	1	1	0	0
   13	2022-01-24 18:57:40	1	0	0	0
   17	2022-01-24 19:11:18	1	0	0	0
   17	2022-01-24 19:11:43	1	0	0	0
    4	2022-01-24 19:11:56	1	1	0	0
    5	2022-01-25 08:00:56	1	0	0	0
   13	2022-01-25 09:02:40	1	0	0	0
   18	2022-01-25 09:19:07	1	0	0	0
    4	2022-01-25 09:24:14	1	0	0	0
    8	2022-01-25 09:25:39	1	0	0	0
    6	2022-01-25 10:14:26	1	0	0	0
    7	2022-01-25 10:23:22	1	0	0	0
    9	2022-01-25 10:35:00	1	0	0	0
   10	2022-01-25 10:37:48	1	0	0	0
   19	2022-01-25 12:22:27	1	0	0	0
   15	2022-01-25 12:31:59	1	0	0	0
   19	2022-01-25 13:46:36	1	1	0	0
   11	2022-01-25 15:14:30	1	0	0	0
   18	2022-01-25 16:22:48	1	1	0	0
    9	2022-01-25 18:22:54	1	1	0	0
    7	2022-01-25 18:26:09	1	0	0	0
    8	2022-01-25 18:30:47	1	1	0	0
    6	2022-01-25 18:31:20	1	0	0	0
   10	2022-01-25 18:32:18	1	0	0	0
    5	2022-01-25 18:35:09	1	1	0	0
    4	2022-01-26 07:34:36	1	0	0	0
   13	2022-01-26 08:03:33	1	0	0	0
    6	2022-01-26 08:03:36	1	0	0	0
    5	2022-01-27 08:05:50	1	0	0	0
   11	2022-01-27 08:14:59	1	0	0	0
    4	2022-01-27 09:05:59	1	0	0	0
    6	2022-01-27 09:17:13	1	0	0	0
    8	2022-01-27 10:05:09	1	0	0	0
   13	2022-01-27 10:22:12	1	0	0	0
   18	2022-01-27 10:23:52	1	0	0	0
    7	2022-01-27 10:27:13	1	0	0	0
   10	2022-01-27 10:35:21	1	0	0	0
   14	2022-01-27 10:37:17	1	0	0	0
    9	2022-01-27 10:54:33	1	0	0	0
   15	2022-01-27 12:23:41	1	0	0	0
   16	2022-01-27 12:28:27	1	0	0	0
   19	2022-01-27 13:14:01	1	0	0	0
   14	2022-01-27 13:40:19	1	0	0	0
   16	2022-01-27 14:32:37	1	0	0	0
   18	2022-01-27 14:36:34	1	1	0	0
   19	2022-01-27 14:57:04	1	1	0	0
   18	2022-01-27 14:59:22	1	1	0	0
   18	2022-01-27 16:32:00	1	1	0	0
    9	2022-01-27 17:14:07	1	1	0	0
   17	2022-01-27 17:42:19	1	0	0	0
    8	2022-01-27 18:23:49	1	1	0	0
    7	2022-01-27 18:40:01	1	0	0	0
    6	2022-01-27 18:41:27	1	0	0	0
   10	2022-01-27 18:46:52	1	1	0	0
    5	2022-01-27 18:47:07	1	1	0	0
   13	2022-01-27 18:47:38	1	0	0	0
   17	2022-01-27 18:49:29	1	1	0	0
    5	2022-01-28 08:13:08	1	0	0	0
   11	2022-01-28 08:56:52	1	0	0	0
    4	2022-01-28 09:06:48	1	0	0	0
   18	2022-01-28 09:31:47	1	0	0	0
    6	2022-01-28 09:47:54	1	0	0	0
   14	2022-01-28 10:03:12	1	0	0	0
   13	2022-01-28 10:21:06	1	0	0	0
    9	2022-01-28 10:24:06	1	0	0	0
    8	2022-01-28 10:28:34	1	0	0	0
   10	2022-01-28 10:39:39	1	0	0	0
   15	2022-01-28 12:30:05	1	0	0	0
   14	2022-01-28 13:04:05	1	0	0	0
   16	2022-01-28 13:21:49	1	0	0	0
   16	2022-01-28 13:21:50	1	0	0	0
   19	2022-01-28 13:32:11	1	0	0	0
   18	2022-01-28 13:34:54	1	1	0	0
   18	2022-01-28 14:07:36	1	0	0	0
   16	2022-01-28 15:25:02	1	0	0	0
   19	2022-01-28 15:36:37	1	1	0	0
   18	2022-01-28 16:22:30	1	1	0	0
    5	2022-01-28 18:26:48	1	1	0	0
    8	2022-01-28 18:31:22	1	1	0	0
    9	2022-01-28 18:32:50	1	1	0	0
    6	2022-01-28 18:33:56	1	0	0	0
   13	2022-01-28 18:37:10	1	0	0	0
   10	2022-01-28 18:39:12	1	1	0	0
    4	2022-01-28 18:52:25	1	1	0	0
    5	2022-01-29 08:08:33	1	0	0	0
   11	2022-01-29 08:56:40	1	0	0	0
    4	2022-01-29 09:17:19	1	0	0	0
    4	2022-01-29 09:17:30	1	0	0	0
   18	2022-01-29 09:19:57	1	0	0	0
    6	2022-01-29 09:43:11	1	0	0	0
   14	2022-01-29 10:17:16	1	0	0	0
   13	2022-01-29 10:18:35	1	0	0	0
    9	2022-01-29 10:29:06	1	0	0	0
   10	2022-01-29 10:37:11	1	0	0	0
    8	2022-01-29 11:53:43	1	0	0	0
   15	2022-01-29 12:24:10	1	0	0	0
   16	2022-01-29 12:35:55	1	0	0	0
   14	2022-01-29 13:50:40	1	0	0	0
   18	2022-01-29 14:05:11	1	1	0	0
   16	2022-01-29 14:13:06	1	0	0	0
   18	2022-01-29 14:34:25	1	0	0	0
   18	2022-01-29 16:35:44	1	1	0	0
   17	2022-01-29 17:40:05	1	0	0	0
    8	2022-01-29 18:25:38	1	1	0	0
    9	2022-01-29 18:32:05	1	1	0	0
    6	2022-01-29 18:37:46	1	0	0	0
   10	2022-01-29 18:44:04	1	1	0	0
   13	2022-01-29 18:44:18	1	0	0	0
    5	2022-01-29 18:44:34	1	0	0	0
   17	2022-01-29 18:51:54	1	1	0	0
    4	2022-01-30 09:17:33	1	0	0	0
    5	2022-01-31 08:15:31	1	0	0	0
   13	2022-01-31 08:47:18	1	0	0	0
    6	2022-01-31 09:42:14	1	0	0	0
   14	2022-01-31 10:21:27	1	0	0	0
    7	2022-01-31 10:24:57	1	0	0	0
    9	2022-01-31 10:29:01	1	0	0	0
    9	2022-01-31 10:29:03	1	0	0	0
   10	2022-01-31 10:41:57	1	0	0	0
   15	2022-01-31 12:30:44	1	0	0	0
   16	2022-01-31 12:30:49	1	0	0	0
   19	2022-01-31 13:16:57	1	0	0	0
   14	2022-01-31 13:59:57	1	0	0	0
   19	2022-01-31 14:18:22	1	0	0	0
   16	2022-01-31 14:53:05	1	0	0	0
   17	2022-01-31 17:36:44	1	0	0	0
    7	2022-01-31 18:35:45	1	0	0	0
    6	2022-01-31 18:36:31	1	0	0	0
    9	2022-01-31 18:42:37	1	1	0	0
   10	2022-01-31 18:46:18	1	1	0	0
   17	2022-01-31 19:10:06	1	0	0	0
   13	2022-01-31 21:04:58	1	0	0	0
    5	2022-02-01 08:08:32	1	0	0	0
    4	2022-02-01 09:23:16	1	0	0	0
    4	2022-02-01 09:23:28	1	0	0	0
   18	2022-02-01 09:25:55	1	0	0	0
    6	2022-02-01 09:52:33	1	0	0	0
   14	2022-02-01 10:18:10	1	0	0	0
   13	2022-02-01 10:22:11	1	0	0	0
    7	2022-02-01 10:28:15	1	0	0	0
    9	2022-02-01 10:31:30	1	0	0	0
   10	2022-02-01 10:41:18	1	0	0	0
   16	2022-02-01 12:32:08	1	0	0	0
   15	2022-02-01 12:33:20	1	0	0	0
   18	2022-02-01 13:10:19	1	1	0	0
   19	2022-02-01 13:30:13	1	0	0	0
   16	2022-02-01 14:19:02	1	0	0	0
   18	2022-02-01 14:38:17	1	0	0	0
   19	2022-02-01 15:06:58	1	1	0	0
   18	2022-02-01 16:21:07	1	1	0	0
   13	2022-02-01 17:08:17	1	0	0	0
    6	2022-02-01 18:12:12	1	0	0	0
    7	2022-02-01 18:27:59	1	0	0	0
    9	2022-02-01 18:46:51	1	1	0	0
   10	2022-02-01 18:47:08	1	1	0	0
    5	2022-02-01 18:47:18	1	1	0	0
    5	2022-02-02 08:07:36	1	0	0	0
    4	2022-02-02 09:14:01	1	0	0	0
    6	2022-02-02 09:57:08	1	0	0	0
   13	2022-02-02 10:22:03	1	0	0	0
    7	2022-02-02 10:24:49	1	0	0	0
    9	2022-02-02 10:36:43	1	0	0	0
   18	2022-02-02 10:46:16	1	0	0	0
   10	2022-02-02 10:54:15	1	0	0	0
   15	2022-02-02 12:25:14	1	0	0	0
   16	2022-02-02 12:25:21	1	0	0	0
   19	2022-02-02 13:25:26	1	0	0	0
   16	2022-02-02 13:57:05	1	0	0	0
   18	2022-02-02 14:01:12	1	1	0	0
   18	2022-02-02 14:20:59	1	0	0	0
   19	2022-02-02 15:20:33	1	1	0	0
   18	2022-02-02 16:19:43	1	1	0	0
   17	2022-02-02 17:37:20	1	0	0	0
    7	2022-02-02 18:32:09	1	0	0	0
   13	2022-02-02 18:35:14	1	0	0	0
    6	2022-02-02 18:36:05	1	0	0	0
   10	2022-02-02 18:39:29	1	1	0	0
    9	2022-02-02 18:41:27	1	1	0	0
   17	2022-02-02 18:52:16	1	1	0	0
    4	2022-02-02 19:00:20	1	1	0	0
    5	2022-02-03 08:10:21	1	0	0	0
   11	2022-02-03 08:52:31	1	0	0	0
    4	2022-02-03 09:19:37	1	0	0	0
   18	2022-02-03 09:38:51	1	0	0	0
    6	2022-02-03 09:50:05	1	0	0	0
   13	2022-02-03 10:19:51	1	0	0	0
    7	2022-02-03 10:29:15	1	0	0	0
    9	2022-02-03 10:29:59	1	0	0	0
   10	2022-02-03 10:51:10	1	0	0	0
   15	2022-02-03 12:32:17	1	0	0	0
   16	2022-02-03 12:53:26	1	0	0	0
   19	2022-02-03 13:32:12	1	0	0	0
   18	2022-02-03 13:45:59	1	1	0	0
   18	2022-02-03 14:14:26	1	0	0	0
   19	2022-02-03 15:22:34	1	0	0	0
   18	2022-02-03 16:19:46	1	1	0	0
    6	2022-02-03 18:04:53	1	0	0	0
    7	2022-02-03 18:29:22	1	0	0	0
    9	2022-02-03 18:43:34	1	1	0	0
   13	2022-02-03 18:43:47	1	0	0	0
   10	2022-02-03 18:44:05	1	1	0	0
    5	2022-02-03 18:47:01	1	1	0	0
    5	2022-02-04 08:01:46	1	0	0	0
   11	2022-02-04 08:57:24	1	0	0	0
    4	2022-02-04 09:16:48	1	0	0	0
   18	2022-02-04 09:37:04	1	0	0	0
    6	2022-02-04 09:44:14	1	0	0	0
   13	2022-02-04 10:21:35	1	0	0	0
    7	2022-02-04 10:30:12	1	1	0	0
    9	2022-02-04 10:34:43	1	0	0	0
   10	2022-02-04 10:48:33	1	0	0	0
   18	2022-02-04 12:23:32	1	1	0	0
   15	2022-02-04 12:30:49	1	0	0	0
   16	2022-02-04 13:07:59	1	0	0	0
    7	2022-02-04 13:23:33	1	0	0	0
   16	2022-02-04 14:20:28	1	0	0	0
   17	2022-02-04 17:41:16	1	0	0	0
    6	2022-02-04 17:58:12	1	0	0	0
    5	2022-02-04 18:20:08	1	0	0	0
   13	2022-02-04 18:41:51	1	0	0	0
    9	2022-02-04 18:42:04	1	1	0	0
   10	2022-02-04 18:42:21	1	1	0	0
   17	2022-02-04 18:53:58	1	1	0	0
    4	2022-02-04 19:10:37	1	1	0	0
    5	2022-02-05 08:06:57	1	0	0	0
   11	2022-02-05 08:56:36	1	0	0	0
    4	2022-02-05 09:09:44	1	0	0	0
   18	2022-02-05 09:25:57	1	0	0	0
    6	2022-02-05 09:30:26	1	0	0	0
    7	2022-02-05 10:15:32	1	0	0	0
   13	2022-02-05 10:25:07	1	0	0	0
    9	2022-02-05 11:04:07	1	0	0	0
   19	2022-02-05 13:21:14	1	0	0	0
   18	2022-02-05 14:21:20	1	1	0	0
   18	2022-02-05 14:47:01	1	0	0	0
   18	2022-02-05 16:52:03	1	1	0	0
    6	2022-02-05 17:55:08	1	0	0	0
    7	2022-02-05 18:13:57	1	0	0	0
    5	2022-02-05 18:35:50	1	1	0	0
   13	2022-02-05 18:39:05	1	0	0	0
    9	2022-02-05 18:44:21	1	1	0	0
    4	2022-02-05 19:01:22	1	1	0	0
    4	2022-02-06 08:49:15	1	0	0	0
   13	2022-02-06 16:59:15	1	0	0	0
    4	2022-02-06 18:01:07	1	0	0	0
    5	2022-02-07 07:59:25	1	0	0	0
    4	2022-02-07 09:21:56	1	0	0	0
   18	2022-02-07 09:39:44	1	0	0	0
    6	2022-02-07 09:42:07	1	0	0	0
    7	2022-02-07 10:20:14	1	0	0	0
    9	2022-02-07 10:41:58	1	0	0	0
   10	2022-02-07 10:47:42	1	0	0	0
   15	2022-02-07 12:25:11	1	0	0	0
   18	2022-02-07 13:27:55	1	0	0	0
   19	2022-02-07 13:52:00	1	0	0	0
   18	2022-02-07 14:05:17	1	0	0	0
   19	2022-02-07 15:15:05	1	1	0	0
   18	2022-02-07 17:01:54	1	1	0	0
   17	2022-02-07 17:49:38	1	0	0	0
    5	2022-02-07 18:14:56	1	1	0	0
    7	2022-02-07 18:23:30	1	0	0	0
    6	2022-02-07 18:24:56	1	0	0	0
   17	2022-02-07 18:40:07	1	0	0	0
   10	2022-02-07 18:47:49	1	0	0	0
    9	2022-02-07 18:56:34	1	1	0	0
    4	2022-02-07 19:01:39	1	0	0	0
    5	2022-02-08 08:06:51	1	0	0	0
    4	2022-02-08 09:25:16	1	0	0	0
   18	2022-02-08 09:34:11	1	0	0	0
    6	2022-02-08 10:05:31	1	0	0	0
    7	2022-02-08 10:28:04	1	0	0	0
    9	2022-02-08 10:43:57	1	0	0	0
   10	2022-02-08 10:48:51	1	0	0	0
   15	2022-02-08 12:15:22	1	0	0	0
   18	2022-02-08 16:25:13	1	1	0	0
    6	2022-02-08 18:22:21	1	0	0	0
    7	2022-02-08 18:36:26	1	0	0	0
   10	2022-02-08 18:48:02	1	0	0	0
    5	2022-02-09 08:20:09	1	0	0	0
    4	2022-02-09 09:13:35	1	0	0	0
    6	2022-02-09 10:03:30	1	0	0	0
   18	2022-02-09 10:14:31	1	0	0	0
    7	2022-02-09 10:17:08	1	0	0	0
    9	2022-02-09 10:49:51	1	0	0	0
    9	2022-02-09 10:49:52	1	0	0	0
   10	2022-02-09 10:51:44	1	0	0	0
   18	2022-02-09 14:10:11	1	1	0	0
   18	2022-02-09 14:49:39	1	1	0	0
   18	2022-02-09 16:34:42	1	1	0	0
   17	2022-02-09 17:35:12	1	0	0	0
    7	2022-02-09 18:27:43	1	0	0	0
   10	2022-02-09 18:37:24	1	1	0	0
    9	2022-02-09 18:43:14	1	1	0	0
    5	2022-02-09 18:45:26	1	1	0	0
   17	2022-02-09 18:45:47	1	1	0	0
    6	2022-02-09 18:45:54	1	1	0	0
   13	2022-02-09 18:48:05	1	0	0	0
    5	2022-02-10 08:02:33	1	0	0	0
   18	2022-02-10 09:59:14	1	0	0	0
    6	2022-02-10 09:59:32	1	0	0	0
    4	2022-02-10 10:02:12	1	0	0	0
   13	2022-02-10 10:11:29	1	0	0	0
    7	2022-02-10 10:22:11	1	0	0	0
    9	2022-02-10 10:37:58	1	0	0	0
   10	2022-02-10 10:44:36	1	0	0	0
   18	2022-02-10 14:17:14	1	1	0	0
   18	2022-02-10 14:50:52	1	1	0	0
   18	2022-02-10 14:51:04	1	0	0	0
   18	2022-02-10 16:24:41	1	1	0	0
    5	2022-02-10 18:29:17	1	1	0	0
    7	2022-02-10 18:39:03	1	0	0	0
    6	2022-02-10 18:40:46	1	0	0	0
   10	2022-02-10 18:43:45	1	0	0	0
   13	2022-02-10 18:53:01	1	0	0	0
    4	2022-02-10 18:53:15	1	0	0	0
    9	2022-02-10 18:54:28	1	1	0	0
    9	2022-02-10 18:54:30	1	1	0	0
    4	2022-02-10 19:11:22	1	1	0	0
    5	2022-02-11 08:22:50	1	0	0	0
    4	2022-02-11 09:29:13	1	0	0	0
   18	2022-02-11 09:54:23	1	0	0	0
    6	2022-02-11 10:07:52	1	0	0	0
    7	2022-02-11 10:22:42	1	0	0	0
   13	2022-02-11 10:24:27	1	0	0	0
    9	2022-02-11 10:42:53	1	0	0	0
   10	2022-02-11 10:54:09	1	0	0	0
   18	2022-02-11 15:07:04	1	1	0	0
   18	2022-02-11 15:32:59	1	0	0	0
   18	2022-02-11 16:56:02	1	1	0	0
    7	2022-02-11 18:21:05	1	0	0	0
    5	2022-02-11 18:22:54	1	1	0	0
    9	2022-02-11 18:44:11	1	1	0	0
    6	2022-02-11 18:46:46	1	0	0	0
   10	2022-02-11 18:47:03	1	0	0	0
   13	2022-02-11 18:59:36	1	0	0	0
    4	2022-02-11 19:00:35	1	1	0	0
    5	2022-02-12 08:08:46	1	0	0	0
   18	2022-02-12 09:33:37	1	0	0	0
    6	2022-02-12 09:43:48	1	0	0	0
    4	2022-02-12 09:52:51	1	0	0	0
   13	2022-02-12 10:21:32	1	0	0	0
    7	2022-02-12 10:22:44	1	0	0	0
   11	2022-02-12 10:32:24	1	0	0	0
    9	2022-02-12 10:42:04	1	0	0	0
   10	2022-02-12 10:52:44	1	0	0	0
   18	2022-02-12 16:48:44	1	1	0	0
    7	2022-02-12 18:28:21	1	0	0	0
    6	2022-02-12 18:28:38	1	0	0	0
   10	2022-02-12 18:30:03	1	0	0	0
    9	2022-02-12 18:43:03	1	1	0	0
   13	2022-02-12 18:43:36	1	0	0	0
    5	2022-02-12 18:44:06	1	1	0	0
    4	2022-02-13 12:44:24	1	0	0	0
    5	2022-02-14 08:27:08	1	0	0	0
    4	2022-02-14 09:36:14	1	0	0	0
   18	2022-02-14 09:41:23	1	0	0	0
    6	2022-02-14 10:10:24	1	0	0	0
   13	2022-02-14 10:20:01	1	0	0	0
    7	2022-02-14 10:27:00	1	0	0	0
   11	2022-02-14 10:31:13	1	0	0	0
    9	2022-02-14 10:45:50	1	0	0	0
   10	2022-02-14 10:50:46	1	0	0	0
   18	2022-02-14 16:33:26	1	1	0	0
   17	2022-02-14 17:45:54	1	0	0	0
    5	2022-02-14 18:09:35	1	1	0	0
    7	2022-02-14 18:26:53	1	0	0	0
    6	2022-02-14 18:31:59	1	0	0	0
   13	2022-02-14 18:35:09	1	0	0	0
   10	2022-02-14 18:42:53	1	1	0	0
   17	2022-02-14 18:58:58	1	0	0	0
    4	2022-02-14 19:03:08	1	1	0	0
    5	2022-02-15 08:28:19	1	0	0	0
    4	2022-02-15 09:21:33	1	0	0	0
   18	2022-02-15 09:39:54	1	0	0	0
   11	2022-02-15 09:44:11	1	0	0	0
    6	2022-02-15 10:21:36	1	0	0	0
   13	2022-02-15 10:21:55	1	0	0	0
    7	2022-02-15 10:23:10	1	0	0	0
    9	2022-02-15 10:28:50	1	0	0	0
   10	2022-02-15 10:53:42	1	0	0	0
   15	2022-02-15 12:29:20	1	0	0	0
   18	2022-02-15 14:28:36	1	1	0	0
   18	2022-02-15 15:01:20	1	0	0	0
   18	2022-02-15 16:37:22	1	1	0	0
   17	2022-02-15 17:39:22	1	0	0	0
    7	2022-02-15 18:27:38	1	0	0	0
   17	2022-02-15 18:35:48	1	0	0	0
   10	2022-02-15 18:51:54	1	1	0	0
    6	2022-02-15 18:52:00	1	1	0	0
   13	2022-02-15 18:52:13	1	0	0	0
    9	2022-02-15 18:52:24	1	1	0	0
    5	2022-02-15 18:57:21	1	1	0	0
    5	2022-02-16 08:15:51	1	0	0	0
    4	2022-02-16 09:32:02	1	0	0	0
    6	2022-02-16 10:22:30	1	0	0	0
   18	2022-02-16 10:29:20	1	0	0	0
   13	2022-02-16 10:29:38	1	0	0	0
    7	2022-02-16 10:30:52	1	0	0	0
    9	2022-02-16 10:34:03	1	0	0	0
   10	2022-02-16 10:55:30	1	0	0	0
   15	2022-02-16 12:25:02	1	0	0	0
   16	2022-02-16 12:34:42	1	0	0	0
   16	2022-02-16 14:31:46	1	0	0	0
   18	2022-02-16 16:43:08	1	1	0	0
    7	2022-02-16 18:25:50	1	0	0	0
    6	2022-02-16 18:41:26	1	0	0	0
   10	2022-02-16 18:43:08	1	1	0	0
   13	2022-02-16 18:43:32	1	0	0	0
    9	2022-02-16 18:47:37	1	1	0	0
    4	2022-02-16 18:55:46	1	1	0	0
    5	2022-02-17 08:41:11	1	0	0	0
   11	2022-02-17 08:55:24	1	0	0	0
    4	2022-02-17 09:25:34	1	0	0	0
    6	2022-02-17 10:00:49	1	0	0	0
   18	2022-02-17 10:11:46	1	0	0	0
    7	2022-02-17 10:17:12	1	0	0	0
   13	2022-02-17 10:17:52	1	0	0	0
    9	2022-02-17 10:38:41	1	0	0	0
   10	2022-02-17 10:46:58	1	0	0	0
   15	2022-02-17 12:32:10	1	0	0	0
   16	2022-02-17 12:35:09	1	0	0	0
   18	2022-02-17 16:25:19	1	1	0	0
   17	2022-02-17 17:46:16	1	0	0	0
    7	2022-02-17 18:19:08	1	0	0	0
   13	2022-02-17 18:48:06	1	0	0	0
    5	2022-02-17 18:48:22	1	1	0	0
   17	2022-02-17 18:50:11	1	1	0	0
    9	2022-02-17 18:52:03	1	1	0	0
   10	2022-02-17 18:53:20	1	0	0	0
    6	2022-02-17 18:53:38	1	0	0	0
   18	2022-02-18 09:58:05	1	0	0	0
   13	2022-02-18 10:20:48	1	0	0	0
    6	2022-02-18 10:22:04	1	0	0	0
    7	2022-02-18 10:30:05	1	0	0	0
    9	2022-02-18 10:43:56	1	0	0	0
   10	2022-02-18 10:52:30	1	0	0	0
   15	2022-02-18 12:26:34	1	0	0	0
   17	2022-02-18 17:16:50	1	0	0	0
    7	2022-02-18 18:27:05	1	0	0	0
    6	2022-02-18 18:41:22	1	0	0	0
   10	2022-02-18 18:44:38	1	1	0	0
   10	2022-02-18 18:44:40	1	1	0	0
    9	2022-02-18 18:53:20	1	1	0	0
   17	2022-02-18 18:55:47	1	1	0	0
    5	2022-02-18 18:57:12	1	0	0	0
   13	2022-02-18 19:06:59	1	0	0	0
    5	2022-02-19 08:51:52	1	0	0	0
   11	2022-02-19 08:57:35	1	0	0	0
   18	2022-02-19 10:06:37	1	0	0	0
    9	2022-02-19 10:28:00	1	0	0	0
   13	2022-02-19 10:28:29	1	0	0	0
    7	2022-02-19 10:30:20	1	0	0	0
    6	2022-02-19 10:30:25	1	0	0	0
   10	2022-02-19 10:56:08	1	0	0	0
   16	2022-02-19 13:33:30	1	0	0	0
   18	2022-02-19 16:31:28	1	1	0	0
    7	2022-02-19 18:27:59	1	0	0	0
    9	2022-02-19 18:36:31	1	1	0	0
   10	2022-02-19 18:40:36	1	1	0	0
   13	2022-02-19 18:44:33	1	0	0	0
    5	2022-02-19 18:44:43	1	1	0	0
    4	2022-02-20 10:11:29	1	0	0	0
    5	2022-02-21 09:22:36	1	0	0	0
    4	2022-02-21 09:29:14	1	0	0	0
    6	2022-02-21 10:01:35	1	0	0	0
   13	2022-02-21 10:20:11	1	0	0	0
    7	2022-02-21 10:31:12	1	0	0	0
   18	2022-02-21 10:35:17	1	0	0	0
    9	2022-02-21 10:50:16	1	0	0	0
    9	2022-02-21 10:50:18	1	0	0	0
   16	2022-02-21 12:42:02	1	0	0	0
   13	2022-02-21 13:55:05	1	0	0	0
   18	2022-02-21 16:37:08	1	1	0	0
   17	2022-02-21 17:35:33	1	0	0	0
    5	2022-02-21 18:25:40	1	1	0	0
    7	2022-02-21 18:27:43	1	0	0	0
    6	2022-02-21 18:27:51	1	0	0	0
    9	2022-02-21 18:53:30	1	1	0	0
   13	2022-02-21 18:58:32	1	1	0	0
   17	2022-02-21 18:58:45	1	0	0	0
    5	2022-02-22 08:23:17	1	0	0	0
   18	2022-02-22 09:46:25	1	0	0	0
    4	2022-02-22 10:09:17	1	0	0	0
    6	2022-02-22 10:10:26	1	0	0	0
    7	2022-02-22 10:27:55	1	0	0	0
   13	2022-02-22 10:34:52	1	0	0	0
   10	2022-02-22 10:46:52	1	0	0	0
   10	2022-02-22 10:46:54	1	0	0	0
    9	2022-02-22 10:53:07	1	0	0	0
   16	2022-02-22 12:52:13	1	0	0	0
   16	2022-02-22 13:58:01	1	1	0	0
    7	2022-02-22 14:24:41	1	0	0	0
   18	2022-02-22 14:42:01	1	1	0	0
   18	2022-02-22 16:44:55	1	1	0	0
    5	2022-02-22 18:12:01	1	1	0	0
    6	2022-02-22 18:58:26	1	0	0	0
    9	2022-02-22 19:02:01	1	1	0	0
   13	2022-02-22 19:03:18	1	1	0	0
   10	2022-02-22 19:06:44	1	0	0	0
    5	2022-02-23 08:10:50	1	0	0	0
    4	2022-02-23 09:40:16	1	0	0	0
   18	2022-02-23 09:49:06	1	0	0	0
    6	2022-02-23 09:59:33	1	0	0	0
   13	2022-02-23 10:19:19	1	0	0	0
    9	2022-02-23 10:38:44	1	0	0	0
   10	2022-02-23 10:47:28	1	0	0	0
   16	2022-02-23 12:33:53	1	0	0	0
   18	2022-02-23 13:41:02	1	1	0	0
   18	2022-02-23 14:05:41	1	0	0	0
   16	2022-02-23 14:26:29	1	0	0	0
   18	2022-02-23 16:35:20	1	1	0	0
   17	2022-02-23 17:45:15	1	0	0	0
    5	2022-02-23 18:13:27	1	0	0	0
    6	2022-02-23 18:34:46	1	0	0	0
   17	2022-02-23 18:52:18	1	1	0	0
   10	2022-02-23 18:52:41	1	1	0	0
   10	2022-02-23 18:52:43	1	1	0	0
   13	2022-02-23 18:54:54	1	1	0	0
    4	2022-02-23 18:55:06	1	1	0	0
    9	2022-02-23 18:56:09	1	1	0	0
    5	2022-02-24 08:28:11	1	0	0	0
   11	2022-02-24 08:58:51	1	0	0	0
    4	2022-02-24 09:24:55	1	0	0	0
   18	2022-02-24 10:11:15	1	0	0	0
    6	2022-02-24 10:20:30	1	0	0	0
   13	2022-02-24 10:23:18	1	0	0	0
    7	2022-02-24 10:26:30	1	0	0	0
    9	2022-02-24 10:36:30	1	0	0	0
   10	2022-02-24 11:00:29	1	0	0	0
   16	2022-02-24 12:41:06	1	0	0	0
   16	2022-02-24 13:58:15	1	0	0	0
   18	2022-02-24 14:17:49	1	1	0	0
   18	2022-02-24 14:49:54	1	0	0	0
   18	2022-02-24 16:23:50	1	1	0	0
    7	2022-02-24 18:29:04	1	0	0	0
    6	2022-02-24 18:38:24	1	0	0	0
   10	2022-02-24 18:54:37	1	1	0	0
   13	2022-02-24 18:54:54	1	0	0	0
    9	2022-02-24 18:57:54	1	1	0	0
    5	2022-02-24 18:59:49	1	1	0	0
    5	2022-02-25 08:39:13	1	0	0	0
   11	2022-02-25 09:02:18	1	0	0	0
   18	2022-02-25 09:39:27	1	0	0	0
    4	2022-02-25 09:42:12	1	0	0	0
    6	2022-02-25 10:05:18	1	0	0	0
   13	2022-02-25 10:22:32	1	0	0	0
    7	2022-02-25 10:24:55	1	0	0	0
    9	2022-02-25 10:39:23	1	0	0	0
   10	2022-02-25 10:47:15	1	0	0	0
   15	2022-02-25 12:28:30	1	0	0	0
   18	2022-02-25 16:43:15	1	1	0	0
   17	2022-02-25 17:40:25	1	0	0	0
    9	2022-02-25 18:16:50	1	1	0	0
    5	2022-02-25 18:17:41	1	1	0	0
    7	2022-02-25 18:30:26	1	0	0	0
    6	2022-02-25 18:30:36	1	0	0	0
   10	2022-02-25 18:39:30	1	1	0	0
   13	2022-02-25 18:43:04	1	1	0	0
   17	2022-02-25 18:44:39	1	1	0	0
    4	2022-02-25 18:51:04	1	1	0	0
    5	2022-02-26 08:18:42	1	0	0	0
   11	2022-02-26 08:52:09	1	0	0	0
   18	2022-02-26 09:52:44	1	0	0	0
    4	2022-02-26 09:53:52	1	0	0	0
    6	2022-02-26 10:04:11	1	0	0	0
    9	2022-02-26 10:35:42	1	0	0	0
    7	2022-02-26 10:38:25	1	0	0	0
   13	2022-02-26 10:45:47	1	0	0	0
   10	2022-02-26 10:48:55	1	0	0	0
   15	2022-02-26 12:28:42	1	0	0	0
   16	2022-02-26 13:09:51	1	0	0	0
   18	2022-02-26 16:35:26	1	1	0	0
    9	2022-02-26 18:23:01	1	1	0	0
    5	2022-02-26 18:24:13	1	1	0	0
    7	2022-02-26 18:36:43	1	0	0	0
    6	2022-02-26 18:39:47	1	0	0	0
   10	2022-02-26 18:50:34	1	0	0	0
